																									
																									
																									
	Наименование организации																								
																									
																									
	Персональные бизнес-цели			Ед.	1 квартал				2 квартал				3 квартал				4 квартал				за год				Комментарий по цели
					план	факт	разница	% вып.	план	факт	разница	% вып.	план	факт	разница	% вып.	план	факт	разница	% вып.	план	факт	разница	% вып.	
																									
	1. Финансовые показатели																								
		Валовая выручка		KZT	82 000 000	67 222 327	-14 777 673	82	80 000 000		-80 000 000		83 000 000		-83 000 000		80 000 000		-80 000 000		325 000 000	67 222 327	-257 777 673	21	
			Test1 User	KZT	6 000 000		-6 000 000		6 000 000		-6 000 000		7 000 000		-7 000 000		6 000 000		-6 000 000		25 000 000		-25 000 000		
			Test2 User	KZT	6 000 000	7 837 977	1 837 977	131	6 000 000		-6 000 000		6 000 000		-6 000 000		7 000 000		-7 000 000		25 000 000	7 837 977	-17 162 023	31	
			Test3 User	KZT	15 000 000	2 518 720	-12 481 280	17	18 000 000		-18 000 000		19 000 000		-19 000 000		18 000 000		-18 000 000		70 000 000	2 518 720	-67 481 280	4	
			Test4 User USer	KZT	5 000 000		-5 000 000		5 000 000		-5 000 000		5 000 000		-5 000 000		5 000 000		-5 000 000		20 000 000		-20 000 000		
			Test5 User	KZT	10 000 000	249 999	-9 750 001	2	15 000 000		-15 000 000		20 000 000		-20 000 000		15 000 000		-15 000 000		60 000 000	249 999	-59 750 001		
			Test6 User	KZT	55 000 000	56 615 631	1 615 631	103	45 000 000		-45 000 000		30 000 000		-30 000 000		30 000 000		-30 000 000		160 000 000	56 615 631	-103 384 369	35	
			Test7User	KZT	1 000 000		-1 000 000		1 000 000		-1 000 000		1 000 000		-1 000 000		1 000 000		-1 000 000		4 000 000		-4 000 000		
		Валовая прибыль		KZT	45 020 000	38 161 370	-6 858 630	85	43 805 000		-43 805 000		45 799 000		-45 799 000		45 476 000		-45 476 000		180 100 000	38 161 370	-141 938 630	21	
			Test1 User	KZT	3 500 000		-3 500 000		3 500 000		-3 500 000		4 000 000		-4 000 000		3 500 000		-3 500 000		14 500 000		-14 500 000		
			Test2 User	KZT	3 500 000	3 946 720	446 720	113	3 500 000		-3 500 000		3 500 000		-3 500 000		4 000 000		-4 000 000		14 500 000	3 946 720	-10 553 280	27	
			Test3 User	KZT	8 000 000	1 223 310	-6 776 690	15	9 000 000		-9 000 000		9 500 000		-9 500 000		9 000 000		-9 000 000		35 500 000	1 223 310	-34 276 690	3	
			Test4 User USer	KZT	2 500 000		-2 500 000		2 700 000		-2 700 000		2 500 000		-2 500 000		2 800 000		-2 800 000		10 500 000		-10 500 000		
			Test5 User	KZT	5 000 000	249 999	-4 750 001	5	8 000 000		-8 000 000		11 000 000		-11 000 000		8 000 000		-8 000 000		32 000 000	249 999	-31 750 001	1	
			Test6 User	KZT	30 000 000	32 741 341	2 741 341	109	25 000 000		-25 000 000		15 000 000		-15 000 000		15 000 000		-15 000 000		85 000 000	32 741 341	-52 258 659	39	
			Test7User	KZT	600 000		-600 000		600 000		-600 000		600 000		-600 000		600 000		-600 000		2 400 000		-2 400 000		
																									
	3. Товарные показатели																								
		TestPrduct1		KZT	723 750		-723 750		723 750		-723 750		723 750		-723 750		723 750		-723 750		2 895 000		-2 895 000		
		TestPrduct2		KZT	435 000		-435 000		435 000		-435 000		435 000		-435 000		435 000		-435 000		1 740 000		-1 740 000		
		TestPrduct3		KZT	2 500 000		-2 500 000		4 000 000		-4 000 000		4 000 000		-4 000 000		4 000 000		-4 000 000		14 500 000		-14 500 000		
		TestPrduct4		KZT	435 000		-435 000		435 000		-435 000		435 000		-435 000		435 000		-435 000		1 740 000		-1 740 000		
		TestPrduct5		KZT	3 000 000		-3 000 000		3 700 000		-3 700 000		4 300 000		-4 300 000		5 200 000		-5 200 000		16 200 000		-16 200 000		
		TestPrduct6		KZT	723 750	433 600	-290 150	60	723 750		-723 750		723 750		-723 750		723 750		-723 750		2 895 000	433 600	-2 461 400	15	
		TestPrduct7		KZT	12 150 000	9 804 116	-2 345 884	81	10 430 000		-10 430 000		9 600 000		-9 600 000		14 420 000		-14 420 000		46 600 000	9 804 116	-36 795 884	21	
		TestPrduct8		KZT	7 000 000	6 753 274	-246 726	96	7 600 000		-7 600 000		8 000 000		-8 000 000		7 797 500		-7 797 500		30 397 500	6 753 274	-23 644 226	22	
		TestPrduct9		KZT	35 000 000	33 686 099	-1 313 901	96	30 000 000		-30 000 000		35 000 000		-35 000 000		30 000 000		-30 000 000		130 000 000	33 686 099	-96 313 901	26	
																									
	Отчет составлен 18 марта 2021 г. 8:30:11																								